
渤海证券：

所长&金融行业研究
张继袖
+86 22 2845 1845
副所长&产品研发部经理
崔健
+86 22 2845 1618
计算机行业研究小组
徐中华
+86 10 6810 4898
张源
+86 22 2383 9067
汽车行业研究小组
郑连声
+86 22 2845 1904
陈兰芳
+86 22 2383 9069
电力设备与新能源行业研究
郑连声
+86 22 2845 1904
滕飞
+86 10 6810 4686
电子行业研究
徐勇
+86 10 6810 4602
邓果一
+86 22 2383 9154
医药行业研究小组
徐勇
+86 10 6810 4602
甘英健
+86 22 2383 9063
陈晨
+86 22 2383 9062
张山峰
+86 22 2383 9136


餐饮旅游行业研究
杨旭
+86 22 2845 1879
食品饮料行业研究
刘瑀
+86 22 2386 1670
宏观、战略研究＆部门经理
周喜
+86 22 2845 1972
固定收益研究
朱林宁
+86 22 2387 3123
马丽娜
+86 22 2386 9129
张婧怡
+86 22 2383 9130
金融工程研究
宋旸
+86 22 2845 1131
张世良
+86 22 2383 9061
陈菊
+86 22 2383 9135
金融工程研究
祝涛
+86 22 2845 1653
郝倞
+86 22 2386 1600
策略研究
宋亦威
+86 22 2386 1608
严佩佩
+86 22 2383 9070
博士后工作站
张佳佳 资产配置
+86 22 2383 9072
张一帆 公用事业、信用评级
+86 22 2383 9073
博士后工作站
苏菲 绿色债券
+86 22 2383 9026
刘精山 货币政策与债券市场
+86 22 2386 1439
综合管理
齐艳莉（部门经理）
+86 22 2845 1625
李思琦
+86 22 2383 9132
机构销售•投资顾问
朱艳君
+86 22 2845 1995
王文君
+86 10 6810 4637
合规管理&部门经理
任宪功
+86 10 6810 4615
风控专员
张敬华
+86 10 6810 4651
